 DSYEV:        -7.9641703997393662        6.8151546296642840     
 Lanczos:      -7.9641703997393796        6.8151546296643000     
